2048
2047
2046
2044
2040
2032
2016
1984
1920
1792
1536
1024
2045
2043
2042
2039
2038
2036
2031
2030
2028
2024
2015
2014
2012
2008
2000
1983
1982
1980
1976
1968
1952
1919
1918
1916
1912
1904
1888
1791
1856
1790
1788
1784
1776
1760
1728
1535
1534
1532
1528
1520
1664
1504
1472
1408
1023
1022
1020
1016
2041
2037
2035
2029
2034
2027
2026
1008
2023
2013
2022
2011
2010
2020
2007
2006
2004
1999
1981
1998
1979
1978
1996
1975
1974
1972
1992
992
1967
1966
1964
1960
1951
1917
1950
1915
1914
1948
1911
1910
1908
1944
1903
1902
1900
1896
1936
1887
1886
1884
960
1880
1872
1855
1789
1854
1787
1280
1786
1852
1783
1782
1780
1848
1775
1774
1772
1768
1840
1759
1758
1756
1752
1744
1824
1727
1726
1724
1720
896
1712
1533
1531
1530
1527
1526
1524
1519
1518
1663
1696
1516
1662
1660
1512
1503
1502
1656
1500
1496
1648
1488
1471
1470
1468
1464
1632
1456
768
1407
1406
1440
1404
1021
1019
1400
1018
1015
1600
1014
2033
1012
2025
1007
2021
1006
2009
2019
1392
2005
2018
1004
2003
1997
2002
1977
1995
1973
1994
1000
1971
1991
991
1965
1970
1990
990
1963
1962
1988
988
1959
1949
1958
1913
1947
1909
1946
1956
984
1907
1943
1901
1906
1942
1899
1376
1898
1940
1895
1935
1885
1894
1934
1883
1882
1892
1932
976
959
1879
958
1878
956
1876
1928
1871
1853
1870
1279
1785
1851
1278
1781
952
1850
1868
1779
1847
1276
1773
1778
1846
1771
1770
1844
1864
1767
1839
1272
1757
1766
1838
1755
1754
1764
944
1836
1751
1750
1748
1832
1743
1823
1264
1344
1725
1742
1822
1723
1722
1740
1820
1719
1718
895
1716
1736
1816
894
512
1711
1710
892
928
1708
1529
1525
888
1523
1517
1522
1704
1808
1695
1515
1248
1661
1694
1514
1659
1511
1658
1692
1501
1510
1655
1499
1654
1498
1508
880
1495
1652
1688
1494
1647
1646
1492
1487
1644
1469
1486
1467
1466
1484
1463
1640
1680
1462
1631
1630
1460
1480
1455
1628
1454
864
1452
1624
1216
767
1448
766
1405
1439
1403
1438
764
1402
1399
1436
1017
1398
1599
1013
1616
1598
1011
760
1396
1005
1010
1391
1596
2017
1432
1003
1390
2001
1002
1993
999
1388
1969
1989
989
998
1592
1961
1987
987
1957
1986
986
996
1945
1955
752
983
1384
1905
1941
1954
982
1375
1424
1897
1939
1374
832
1893
1933
1938
980
1881
1891
1931
975
1372
957
1877
1890
1930
974
1584
955
1875
1927
954
1869
1874
1926
972
1277
951
1849
1867
1368
1275
1777
950
1845
1866
1924
1274
1769
1843
1863
1271
1765
948
1837
1842
1862
968
1270
1753
1763
943
1835
1152
1749
1762
942
1834
1860
736
1268
1747
1831
1263
1343
1741
1746
940
1821
1830
1262
1342
1721
1739
1819
1360
1717
1738
1818
1828
1260
1340
1715
1735
1815
893
511
1568
1709
1714
1734
936
1814
891
510
927
1707
890
926
1706
1732
1812
887
508
1256
1336
1521
1703
1807
886
1247
924
1693
1513
1702
1806
1246
1657
1691
1509
884
1653
1690
1497
1507
1700
1804
879
504
1244
1651
1687
1493
1506
878
1645
1650
920
1686
1491
1643
1485
1490
876
1642
1465
1684
1483
1800
1328
1240
1639
1679
1461
1482
1629
1638
704
1678
1459
1479
1627
1453
1458
1478
872
1626
863
496
1636
1676
1451
1623
862
1450
1476
912
1215
1622
1447
765
1214
860
1437
1446
763
1401
1620
1232
1672
1435
762
1397
1212
1615
1597
1434
1444
759
1395
1009
1614
1595
1431
758
1389
1394
1001
856
1594
1430
1387
1312
997
1612
1591
756
1208
1386
1985
985
995
1590
1428
751
1383
1953
981
994
1423
750
1373
480
1382
831
1937
979
1588
1422
1371
830
1608
1889
1929
973
978
1583
748
1370
1380
953
1873
1925
971
1582
1420
1367
848
828
949
1865
1923
970
1273
1366
947
1841
1861
1922
967
1580
640
1269
1200
1151
1761
941
946
1833
1859
966
735
744
1267
1150
1364
1745
939
1829
1858
734
1416
1261
1266
1341
1359
824
1737
938
1817
1827
964
1259
1339
1148
1358
1567
1713
1733
935
1813
1826
1576
509
732
1258
1338
889
1566
925
1705
1731
934
1811
507
1255
1335
885
1356
923
1701
1730
1805
1810
506
1245
1254
1334
883
1564
922
1689
1699
932
1803
503
1243
1144
1505
448
877
882
1649
919
728
1685
1698
1802
502
1242
1252
1332
1489
875
816
1641
918
1683
1184
1799
1327
1239
1352
1481
874
1637
703
1677
1682
1798
500
1326
1238
1560
1457
1477
871
1625
495
1635
916
702
1675
861
1449
1475
911
870
1621
494
1634
1674
1796
1213
1324
1236
859
1445
1474
910
1619
700
1231
1671
1136
761
1211
858
1433
720
1443
868
1613
492
1618
1230
1670
757
1393
1210
855
1593
908
1429
1442
1311
1611
755
1207
1385
854
1589
1427
1320
1310
1552
993
1610
1228
1668
800
749
754
1206
479
1381
696
1587
1421
1426
829
1607
977
747
1369
488
478
1379
852
1581
1586
1419
1308
847
384
827
1606
969
904
746
1204
1365
1378
1921
1579
639
1199
1418
846
826
945
965
743
1224
1149
476
1363
1857
1120
733
1578
1415
638
1265
1198
823
1604
937
963
742
1147
1357
1362
1825
1575
731
1414
1257
1337
844
822
1565
1304
688
933
962
1146
1355
1729
1809
1574
505
636
1196
730
1253
1333
1563
921
931
740
1143
447
472
881
1354
727
1412
1697
1801
501
1241
820
1251
1331
815
1562
917
930
1183
1351
1142
446
873
1572
726
1681
1797
499
1325
1237
840
1250
1330
1559
814
915
701
1182
1350
869
632
1192
493
1633
1673
1795
498
1323
1235
1558
1296
1473
909
914
1140
699
1135
444
256
857
1088
724
719
867
491
1617
1229
1669
1794
672
1322
1209
812
1234
1180
907
1441
464
1348
698
1134
853
718
866
1319
1309
1551
490
1556
1609
1227
1667
799
753
1205
695
906
1425
487
477
851
1585
1318
1550
1307
383
440
1226
1605
903
1666
624
798
745
1203
1132
694
1377
1417
716
845
808
825
1176
486
1223
475
850
1119
1577
637
1197
1306
382
1603
902
1202
741
1361
1413
1316
843
1548
821
1303
687
796
961
1222
474
692
1145
1118
1573
635
1195
729
1602
739
484
1128
471
1353
1411
380
842
712
900
819
1302
432
686
1561
929
1141
445
634
1194
1571
725
608
839
1168
1249
1329
1220
738
813
1116
470
1181
1349
1410
1544
631
1191
818
792
497
1557
1295
913
1139
443
1570
255
1300
684
1087
723
838
1793
671
1321
811
1233
376
1179
463
1347
697
630
1190
1133
717
468
865
1294
489
1555
1138
442
254
1086
905
722
416
1112
670
810
1178
1317
462
1549
836
1346
439
1225
1665
623
797
784
1131
576
693
680
715
1554
807
628
1188
1175
485
849
1292
1305
381
901
368
1201
252
1084
438
1315
622
1547
668
1130
795
1221
473
460
691
714
1117
806
1104
1174
1601
483
1127
379
841
711
899
1301
431
685
1314
1546
1288
633
1193
794
436
607
690
620
1167
248
1219
1080
737
1115
469
1409
664
1543
482
804
352
1126
817
1172
791
456
378
710
898
430
1569
1299
683
837
606
1166
375
1218
1114
629
1189
1542
467
790
1293
616
1137
441
240
1124
1072
253
1085
721
415
1111
708
1298
682
656
428
669
809
1177
320
461
374
835
1345
604
783
1164
575
679
1553
466
627
1187
1540
788
1291
414
1110
367
251
1083
437
224
834
1056
424
621
667
1129
372
782
574
459
678
713
805
600
626
1186
1160
1103
1173
1290
412
366
1108
250
1082
1313
666
1545
1287
793
458
780
572
435
689
619
192
676
247
1079
1102
592
663
481
803
351
1125
1171
455
364
377
709
408
897
429
1286
434
618
246
1078
776
605
568
1165
1100
1217
128
662
1113
802
350
1170
454
1541
789
615
360
400
239
1123
1071
1284
707
1297
681
655
427
244
1076
560
1096
319
660
373
348
452
603
1163
614
238
1122
465
1070
1539
706
787
654
426
413
1109
318
544
344
602
1162
612
223
833
1055
423
236
1068
371
781
573
1538
786
677
652
599
625
1185
1159
316
1289
336
222
1054
422
411
365
1107
249
370
1081
232
1064
648
598
665
1158
312
457
779
571
191
675
220
1101
1052
410
420
1106
591
596
1156
363
304
778
407
570
190
674
216
1048
1285
590
433
617
245
1077
775
567
1099
362
288
406
127
661
188
801
349
208
1169
1040
453
588
359
774
566
399
1098
404
1283
126
184
243
1075
584
559
358
1095
772
564
659
398
347
1282
124
451
176
613
242
1074
237
1121
1069
558
356
1094
658
396
346
705
653
425
120
450
160
317
543
556
1092
343
601
392
1161
611
112
235
1067
542
1537
552
785
342
651
610
96
315
234
1066
540
335
340
650
221
1053
421
64
369
231
314
1063
536
334
647
597
1157
311
230
1062
528
332
646
219
1051
409
419
1105
310
228
1060
328
644
595
218
1050
1155
418
303
308
777
569
189
673
215
594
1047
1154
302
589
214
1046
361
287
405
300
187
207
212
1039
1044
286
296
587
186
773
206
565
1038
1097
403
284
586
125
183
204
1036
402
280
583
182
357
771
563
200
1032
397
272
582
1281
123
175
180
770
562
241
1073
580
122
557
174
355
1093
657
395
345
119
449
159
172
354
394
118
555
158
168
1091
391
111
116
554
156
1090
390
541
110
551
152
341
388
609
95
108
550
144
233
1065
539
94
104
548
339
649
538
63
92
338
313
535
62
88
333
534
60
80
229
1061
527
532
56
331
645
526
48
330
309
227
1059
524
32
327
643
226
217
1058
1049
417
520
326
307
642
324
306
593
1153
301
213
1045
299
298
211
1043
285
295
210
1042
185
294
205
1037
283
292
585
203
282
1035
202
401
279
1034
181
199
278
1031
196
198
276
1028
271
581
178
179
270
561
769
1030
121
173
579
1
2
3
4
5
6
7
8
9
10
11
12
13
14
15
16
17
18
19
20
21
22
23
24
25
26
27
28
29
30
31
33
34
35
36
37
38
39
40
41
42
43
44
45
46
47
49
50
51
52
53
54
55
57
58
59
61
65
66
67
68
69
70
71
72
73
74
75
76
77
78
79
81
82
83
84
85
86
87
89
90
91
93
97
98
99
100
101
102
103
105
106
107
109
113
114
115
117
129
130
131
132
133
134
135
136
137
138
139
140
141
142
143
145
146
147
148
149
150
151
153
154
155
157
161
162
163
164
165
166
167
169
170
171
177
193
194
195
197
201
209
225
257
258
259
260
261
262
263
264
265
266
267
268
269
273
274
275
277
281
289
290
291
293
297
305
321
322
323
325
329
337
353
385
386
387
389
393
513
514
515
516
517
518
519
521
522
523
525
529
530
531
533
537
545
546
547
549
553
577
578
641
1025
1026
1027
1029
1033
1041
1057
1089
